10,20
10,21
11,22
12,22
13,22
11,20
12,20
11,21
12,21
13,21
14,21
14,20
14,19
15,20
13,1910,20
10,21
11,22
12,22
13,22
11,20
12,20
11,21
12,21
13,21
14,21
14,20
14,19
15,20
13,1910,20
10,21
11,22
12,22
13,22
11,20
12,20
11,21
12,21
13,21
14,21
14,20
14,19
15,20
13,1910,20
10,21
11,22
12,22
13,22
11,20
12,20
11,21
12,21
13,21
14,21
14,20
14,19
15,20
13,1910,20
10,21
11,22
12,22
13,22
11,20
12,20
11,21
12,21
13,21
14,21
14,20
14,19
15,20
13,1910,20
10,21
11,22
12,22
13,22
11,20
12,20
11,21
12,21
13,21
14,21
14,20
14,19
15,20
13,1910,20
10,21
11,22
12,22
13,22
11,20
12,20
11,21
12,21
13,21
14,21
14,20
14,19
15,20
13,1910,20
10,21
11,22
12,22
13,22
11,20
12,20
11,21
12,21
13,21
14,21
14,20
14,19
15,20
13,1910,20
10,21
11,22
12,22
13,22
11,20
12,20
11,21
12,21
13,21
14,21
14,20
14,19
15,20
13,1910,20
10,21
11,22
12,22
13,22
11,20
12,20
11,21
12,21
13,21
14,21
14,20
14,19
15,20
13,19
